memory_initialization_radix=2;
memory_initialization_vector=
00101000000000000000000000000000,
00101000011000000000000000000011,
00101000101000000000000000000101,
00101000111000000000000000001001,
00000000001000000000000000000000,
01010000010000110000000000000000,
01010000100001010000000000000000,
00001100010000100010000000000000,
00000000001000010001000000000000,
00100000011000110000000000000100,
00100000101001010000000000000100,
00100100111001110000000000000001,
01111100000000000000000000000101,
01011100000000010000000000000000,
01010100000000010000000000000000,
01000100000000000000000000000000;